0 -> 1,32
1 -> 20,3,622,78
10 -> 136,2970,35,451,6,75
100 -> 53,675
1000 -> 689
1001 -> 1000
1002 -> 1001
1003 -> 1005
1004 -> 2217,45
1005 -> 1004,2254
1006 -> 1007
1007 -> 1741,178
1008 -> 1006
1009 -> 2532,777
101 -> 102,1310
1010 -> 1009
1011 -> 1010
1012 -> 456
1013 -> 1012
1014 -> 1013,1115,1504
1015 -> 549
1016 -> 1017,1484
1017 -> 1015,1856
1018 -> 857
1019 -> 1020
102 -> 100,213
1020 -> 1018
1021 -> 1022,2191,2999
1022 -> 1023,1365,1913
1023 -> 625
1024 -> 949
1025 -> 1024
1026 -> 1025
1027 -> 130
1028 -> 1029
1029 -> 1027
103 -> 104,1723
1030 -> 1032
1031 -> 320
1032 -> 1031
1033 -> 1034
1034 -> 1739,692
1035 -> 1033
1036 -> 1038,2204
1037 -> 1036
1038 -> 370
1039 -> 1040,1088
104 -> 11,157
1040 -> 1041,2586
1041 -> 419
1042 -> 1044
1043 -> 31
1044 -> 1043
1045 -> 1046
1046 -> 1047,1359
1047 -> 1420,389
1048 -> 1049
1049 -> 1050,2936
105 -> 103,547
1050 -> 1474,292
1051 -> 1053
1052 -> 1256,2359,811
1053 -> 1052
1054 -> 1056
1055 -> 909
1056 -> 1055,1057
1057 -> 1059,1695
1058 -> 1056,1293,2232
1059 -> 1058
106 -> 561,77
1060 -> 361
1061 -> 1060
1062 -> 1061
1063 -> 1065
1064 -> 1063,2368
1065 -> 1766,640
1066 -> 1068,2224,2834
1067 -> 637
1068 -> 1067
1069 -> 1071
107 -> 106,174,219,286
1070 -> 1069
1071 -> 1998,783
1072 -> 1074
1073 -> 1965,2616,719
1074 -> 1073
1075 -> 850
1076 -> 1075
1077 -> 1076
1078 -> 905
1079 -> 1078
108 -> 107,383
1080 -> 1079,1153
1081 -> 1082,2362
1082 -> 1083,1258,2423
1083 -> 1212,210
1084 -> 25
1085 -> 1086
1086 -> 1084
1087 -> 1089,1150
1088 -> 1087
1089 -> 1039
109 -> 127,51,740
1090 -> 1091,1316,2343
1091 -> 1092
1092 -> 1325,2580,963
1093 -> 1139,1398,864
1094 -> 1095
1095 -> 1093
1096 -> 1425,2179,272
1097 -> 1098
1098 -> 1096
1099 -> 1133,617
11 -> 105,12,1224,26
110 -> 111,126,2303
1100 -> 1101
1101 -> 1099
1102 -> 1103
1103 -> 1104
1104 -> 1555,762
1105 -> 1106
1106 -> 710
1107 -> 1105
1108 -> 1109
1109 -> 1110
111 -> 109,282,328,447
1110 -> 160
1111 -> 1112
1112 -> 1113
1113 -> 210
1114 -> 1116,1455
1115 -> 1114
1116 -> 1014
1117 -> 1119
1118 -> 1117
1119 -> 643
112 -> 117,23
1120 -> 1121
1121 -> 422
1122 -> 1120
1123 -> 1125
1124 -> 92
1125 -> 1124
1126 -> 1128
1127 -> 652
1128 -> 1127,1517
1129 -> 1131
113 -> 112,969
1130 -> 472
1131 -> 1130
1132 -> 1099,2375
1133 -> 1134
1134 -> 1132,2124
1135 -> 1136,1590
1136 -> 1137
1137 -> 402
1138 -> 1093
1139 -> 1140
114 -> 113
1140 -> 1138
1141 -> 79
1142 -> 1141
1143 -> 1142
1144 -> 1145
1145 -> 1146
1146 -> 133
1147 -> 1149
1148 -> 1147
1149 -> 333
115 -> 116,197
1150 -> 1152
1151 -> 1087
1152 -> 1151
1153 -> 1155,1916
1154 -> 1080
1155 -> 1154
1156 -> 1157
1157 -> 170
1158 -> 1156
1159 -> 1160
116 -> 112,2618
1160 -> 2804,364
1161 -> 1159
1162 -> 707
1163 -> 1164
1164 -> 1162
1165 -> 1864,627
1166 -> 1167,1356
1167 -> 1165
1168 -> 1169
1169 -> 1170
117 -> 115,353,410
1170 -> 8
1171 -> 1172,1510
1172 -> 1173
1173 -> 855
1174 -> 1175,1438
1175 -> 1176
1176 -> 147
1177 -> 1178
1178 -> 587
1179 -> 1177
118 -> 120,1827
1180 -> 1181
1181 -> 1182
1182 -> 605
1183 -> 1801,2029,244
1184 -> 1185
1185 -> 1183,1267
1186 -> 1188
1187 -> 1186
1188 -> 22
1189 -> 1191,1755
119 -> 118
1190 -> 1189,1266
1191 -> 192,2926
1192 -> 141
1193 -> 1192
1194 -> 1193,2832
1195 -> 1197
1196 -> 1195
1197 -> 654
1198 -> 1199
1199 -> 222
12 -> 10
120 -> 372,8
1200 -> 1198
1201 -> 1202
1202 -> 222
1203 -> 1201,2228
1204 -> 1206
1205 -> 491
1206 -> 1205
1207 -> 1209,1227
1208 -> 346
1209 -> 1208
121 -> 123,194
1210 -> 1211,1560
1211 -> 1083,1344
1212 -> 1210
1213 -> 2637,883
1214 -> 1213
1215 -> 1214,1822,2305
1216 -> 671
1217 -> 1218
1218 -> 1216
1219 -> 54
122 -> 121,202
1220 -> 1219
1221 -> 1220
1222 -> 1223
1223 -> 11,2272
1224 -> 1222,1246,2691
1225 -> 1226,2734
1226 -> 1207
1227 -> 1225,2527
1228 -> 1229
1229 -> 1230
123 -> 16
1230 -> 159
1231 -> 574
1232 -> 1231,1300
1233 -> 1232
1234 -> 1235
1235 -> 706
1236 -> 1234
1237 -> 1239
1238 -> 57
1239 -> 1238,2202
124 -> 125
1240 -> 1241,2709
1241 -> 792
1242 -> 1240,1283
1243 -> 2288,631
1244 -> 1243,2545
1245 -> 1244,1414
1246 -> 1248
1247 -> 1224
1248 -> 1247
1249 -> 1251
125 -> 110
1250 -> 739
1251 -> 1250
1252 -> 1253
1253 -> 926
1254 -> 1252,1501
1255 -> 1257,1777,2920
1256 -> 1255,2638
1257 -> 1052
1258 -> 1259,2051
1259 -> 1260
126 -> 124
1260 -> 1082
1261 -> 193
1262 -> 1261,1481
1263 -> 1262,1983,2043
1264 -> 1190
1265 -> 1264
1266 -> 1265
1267 -> 1269
1268 -> 1185
1269 -> 1268
127 -> 128,314
1270 -> 1272
1271 -> 136
1272 -> 1271,1507
1273 -> 748
1274 -> 1275,2183
1275 -> 1273
1276 -> 1654,316
1277 -> 1276
1278 -> 1277
1279 -> 1281
128 -> 129,1524,324
1280 -> 841
1281 -> 1280,2300
1282 -> 1242
1283 -> 1284
1284 -> 1282,1804,2284
1285 -> 992
1286 -> 1287
1287 -> 1285
1288 -> 1290
1289 -> 1288
129 -> 109,156,2647,478
1290 -> 678
1291 -> 1058,2594
1292 -> 1291
1293 -> 1292,1900,1922
1294 -> 1614,168,2113
1295 -> 1294,1381
1296 -> 1295
1297 -> 1299
1298 -> 1297
1299 -> 717
13 -> 14
130 -> 1028,132,752
1300 -> 1301
1301 -> 1302
1302 -> 1232
1303 -> 1305
1304 -> 1515,827
1305 -> 1304
1306 -> 482
1307 -> 1308
1308 -> 1306
1309 -> 101
131 -> 130
1310 -> 1311
1311 -> 1309
1312 -> 1313
1313 -> 1314,1393
1314 -> 788
1315 -> 1317
1316 -> 1315,1784
1317 -> 1090
1318 -> 487
1319 -> 1320
132 -> 7
1320 -> 1318
1321 -> 1323
1322 -> 735
1323 -> 1322
1324 -> 1092
1325 -> 1326
1326 -> 1324
1327 -> 1328,2697
1328 -> 1329
1329 -> 678
133 -> 1144,134
1330 -> 2292,573
1331 -> 1332,2891
1332 -> 1330
1333 -> 1335,1405
1334 -> 1388,695
1335 -> 1334
1336 -> 1809,61
1337 -> 1336,2236
1338 -> 1337
1339 -> 642
134 -> 67
1340 -> 1341,1756
1341 -> 1339
1342 -> 1211,2196,2263
1343 -> 1342
1344 -> 1343,2086
1345 -> 820
1346 -> 1345
1347 -> 1346,1376
1348 -> 1349
1349 -> 375
135 -> 133,250,425
1350 -> 1348,1446
1351 -> 1353
1352 -> 1351
1353 -> 1391,601
1354 -> 1355
1355 -> 1166,2321
1356 -> 1354
1357 -> 1358
1358 -> 1046
1359 -> 1357
136 -> 1270,138,264
1360 -> 1362,1945
1361 -> 2245,473
1362 -> 1361,2670
1363 -> 1364
1364 -> 1022
1365 -> 1363
1366 -> 1367
1367 -> 1368
1368 -> 424
1369 -> 1370
137 -> 10,321
1370 -> 1371,2353
1371 -> 868
1372 -> 1374
1373 -> 863
1374 -> 1373
1375 -> 1377,1929
1376 -> 1375
1377 -> 1347
1378 -> 1379
1379 -> 1380
138 -> 137
1380 -> 645
1381 -> 1383
1382 -> 1295
1383 -> 1382
1384 -> 367
1385 -> 1384
1386 -> 1385,2023
1387 -> 1389,1633
1388 -> 1387
1389 -> 1334
139 -> 140,2129
1390 -> 1392
1391 -> 1390
1392 -> 1353
1393 -> 1394
1394 -> 1395
1395 -> 1313
1396 -> 1093
1397 -> 1396
1398 -> 1397
1399 -> 1400
14 -> 15,523,643,712
140 -> 141
1400 -> 766
1401 -> 1399
1402 -> 1404,2477
1403 -> 1402,1960
1404 -> 1521,886
1405 -> 1407,1623
1406 -> 1333,1494
1407 -> 1406
1408 -> 1410,1907
1409 -> 158
141 -> 1194,86
1410 -> 1409
1411 -> 288
1412 -> 1413
1413 -> 1411
1414 -> 1416
1415 -> 1245
1416 -> 1415
1417 -> 1418
1418 -> 688
1419 -> 1417
142 -> 144,167
1420 -> 1422,1458,2816
1421 -> 1047
1422 -> 1421
1423 -> 1424
1424 -> 1096,1591
1425 -> 1423
1426 -> 1428
1427 -> 1426
1428 -> 1615,490
1429 -> 1431
143 -> 1852,562,89,929
1430 -> 1618,696
1431 -> 1430
1432 -> 1434
1433 -> 702
1434 -> 1433,2919
1435 -> 1437
1436 -> 1435,1594
1437 -> 466
1438 -> 1440
1439 -> 1174
144 -> 143
1440 -> 1439,2309
1441 -> 1442
1442 -> 2131,672
1443 -> 1441
1444 -> 1445
1445 -> 1350
1446 -> 1444,2507
1447 -> 1448,1977
1448 -> 1449
1449 -> 570
145 -> 75
1450 -> 1451
1451 -> 1452
1452 -> 201
1453 -> 1454
1454 -> 1114
1455 -> 1453
1456 -> 1420
1457 -> 1456
1458 -> 1457
1459 -> 1460
146 -> 145
1460 -> 630
1461 -> 1459
1462 -> 481
1463 -> 1462
1464 -> 1463
1465 -> 1467
1466 -> 727
1467 -> 1466,2589
1468 -> 952
1469 -> 1470,2242
147 -> 1174,146,2117
1470 -> 1468
1471 -> 1472,1561
1472 -> 289
1473 -> 1471
1474 -> 1476,2278
1475 -> 1050
1476 -> 1475,1499
1477 -> 355
1478 -> 1479
1479 -> 1477
148 -> 149
1480 -> 1482
1481 -> 1480
1482 -> 1262,2590
1483 -> 1485,2186,2786
1484 -> 1483
1485 -> 1016,2719
1486 -> 1487
1487 -> 429
1488 -> 1486
1489 -> 326
149 -> 3
1490 -> 1489
1491 -> 1490
1492 -> 1406
1493 -> 1492
1494 -> 1493
1495 -> 1497
1496 -> 272
1497 -> 1496,2990
1498 -> 1476
1499 -> 1500
15 -> 2075,6
150 -> 148
1500 -> 1498
1501 -> 1502
1502 -> 1503,2450
1503 -> 1254
1504 -> 1506
1505 -> 1014
1506 -> 1505
1507 -> 1508
1508 -> 1509
1509 -> 1272,2175
151 -> 153,375
1510 -> 1511
1511 -> 1512
1512 -> 1171
1513 -> 1514
1514 -> 1304
1515 -> 1513
1516 -> 1518
1517 -> 1516
1518 -> 1128,2799
1519 -> 1520
152 -> 59
1520 -> 1404
1521 -> 1519
1522 -> 128,1711
1523 -> 1522,2627
1524 -> 1523
1525 -> 1527
1526 -> 525
1527 -> 1526,2784
1528 -> 1529,1719
1529 -> 298
153 -> 152,988
1530 -> 1528
1531 -> 1532
1532 -> 1533
1533 -> 1546,1568,1979,734
1534 -> 1536
1535 -> 880
1536 -> 1535
1537 -> 1539
1538 -> 822
1539 -> 1538
154 -> 155,2677
1540 -> 1542,2844
1541 -> 250
1542 -> 1541,2266
1543 -> 198
1544 -> 1545
1545 -> 1543
1546 -> 1547
1547 -> 1548
1548 -> 1533
1549 -> 1550
155 -> 129,1629,442
1550 -> 1551
1551 -> 1775,668
1552 -> 1553
1553 -> 1554,2011
1554 -> 894
1555 -> 1556,1762,2240
1556 -> 1557
1557 -> 1104
1558 -> 1210
1559 -> 1558
156 -> 154
1560 -> 1559
1561 -> 1563
1562 -> 1471
1563 -> 1562
1564 -> 594
1565 -> 1564
1566 -> 1565,2813
1567 -> 1569
1568 -> 1567
1569 -> 1533,1605,2548
157 -> 159,177
1570 -> 1572,2603
1571 -> 888
1572 -> 1571
1573 -> 1574
1574 -> 598
1575 -> 1573
1576 -> 1577
1577 -> 223
1578 -> 1576
1579 -> 1580
158 -> 104,1408,1974,2597
1580 -> 1581
1581 -> 968
1582 -> 28
1583 -> 1582
1584 -> 1583
1585 -> 603
1586 -> 1587
1587 -> 1585
1588 -> 1589
1589 -> 1135
159 -> 1228,158
1590 -> 1588
1591 -> 1592
1592 -> 1593
1593 -> 1424,2162
1594 -> 1595
1595 -> 1596
1596 -> 1436
1597 -> 521
1598 -> 1597
1599 -> 1598
16 -> 122,18,56
160 -> 1108,1690,44
1600 -> 528
1601 -> 1602
1602 -> 1600
1603 -> 1604,2410
1604 -> 1569
1605 -> 1603
1606 -> 1607
1607 -> 1990,56
1608 -> 1606
1609 -> 679
161 -> 160
1610 -> 1609
1611 -> 1610,1769
1612 -> 1613,1861
1613 -> 1294
1614 -> 1612
1615 -> 1617,1888
1616 -> 1428
1617 -> 1616
1618 -> 1619,1938
1619 -> 1620
162 -> 161
1620 -> 1430
1621 -> 1622
1622 -> 1405
1623 -> 1621
1624 -> 1797,65
1625 -> 1626
1626 -> 1624
1627 -> 1628
1628 -> 155
1629 -> 1627
163 -> 2416,65
1630 -> 1631
1631 -> 950
1632 -> 1630
1633 -> 1634
1634 -> 1635,1932
1635 -> 1387,1709
1636 -> 848
1637 -> 1636
1638 -> 1637,2432
1639 -> 886
164 -> 165
1640 -> 1641
1641 -> 1639,1696
1642 -> 30
1643 -> 1642
1644 -> 1643
1645 -> 487
1646 -> 1645,2339
1647 -> 1646
1648 -> 446
1649 -> 1650,2826
165 -> 163,284
1650 -> 1648
1651 -> 1653
1652 -> 1651
1653 -> 389
1654 -> 1656,2453
1655 -> 1276
1656 -> 1655
1657 -> 1658
1658 -> 782
1659 -> 1657
166 -> 142
1660 -> 409
1661 -> 1660
1662 -> 1661
1663 -> 1664,2018
1664 -> 729
1665 -> 1663
1666 -> 791
1667 -> 1668
1668 -> 1666,1670
1669 -> 1671
167 -> 168
1670 -> 1669
1671 -> 1668
1672 -> 1673
1673 -> 885
1674 -> 1672
1675 -> 806
1676 -> 1675
1677 -> 1676,2078
1678 -> 422
1679 -> 1678
168 -> 1296,166,2137
1680 -> 1679
1681 -> 1683
1682 -> 89
1683 -> 1682,1994
1684 -> 1685
1685 -> 177
1686 -> 1684
1687 -> 1688
1688 -> 1689
1689 -> 512
169 -> 171
1690 -> 1692,2135
1691 -> 160
1692 -> 1691
1693 -> 1057
1694 -> 1693
1695 -> 1694,1703
1696 -> 1697,1891,1954
1697 -> 1698,1737
1698 -> 1641
1699 -> 1701,2632
17 -> 16,29
170 -> 1158,23,888
1700 -> 1699
1701 -> 220
1702 -> 1704,2973
1703 -> 1702
1704 -> 1695
1705 -> 1707
1706 -> 456
1707 -> 1706
1708 -> 1710
1709 -> 1708
171 -> 170
1710 -> 1635
1711 -> 1712
1712 -> 1713,2010
1713 -> 1522,2997
1714 -> 741
1715 -> 1716
1716 -> 1714
1717 -> 1528
1718 -> 1717
1719 -> 1718
172 -> 107,241
1720 -> 1721,2499
1721 -> 1722
1722 -> 539
1723 -> 1725
1724 -> 103,2108
1725 -> 1724
1726 -> 1727
1727 -> 695
1728 -> 1726
1729 -> 978
173 -> 172,278,629
1730 -> 1731
1731 -> 1729
1732 -> 1734
1733 -> 1732
1734 -> 852
1735 -> 1697
1736 -> 1735
1737 -> 1736
1738 -> 1740
1739 -> 1738
174 -> 173,368,849
1740 -> 1034,1886
1741 -> 1743,2795
1742 -> 1007
1743 -> 1742,2667
1744 -> 952
1745 -> 1746
1746 -> 1744
1747 -> 1748
1748 -> 270
1749 -> 1747
175 -> 176,206
1750 -> 1751
1751 -> 504
1752 -> 1750
1753 -> 1754
1754 -> 1189
1755 -> 1753,2964
1756 -> 1758
1757 -> 1340
1758 -> 1757,2121
1759 -> 46
176 -> 157,2249
1760 -> 1759
1761 -> 1760
1762 -> 1764,2357
1763 -> 1555
1764 -> 1763
1765 -> 1767
1766 -> 1765
1767 -> 1065
1768 -> 1611
1769 -> 1770
177 -> 1686,175,2780
1770 -> 1768
1771 -> 36
1772 -> 1773
1773 -> 1771
1774 -> 1776
1775 -> 1774
1776 -> 1551
1777 -> 1779
1778 -> 1255
1779 -> 1778
178 -> 1008,28
1780 -> 1781
1781 -> 670
1782 -> 1780
1783 -> 1316
1784 -> 1785
1785 -> 1783
1786 -> 1788
1787 -> 1786
1788 -> 535
1789 -> 1790
179 -> 178,2049
1790 -> 2171,759
1791 -> 1789,2485
1792 -> 1793
1793 -> 941
1794 -> 1792
1795 -> 1624
1796 -> 1795
1797 -> 1796
1798 -> 1800
1799 -> 1798
18 -> 727,8
180 -> 179
1800 -> 773
1801 -> 1803
1802 -> 1183
1803 -> 1802
1804 -> 1805
1805 -> 1806
1806 -> 1284
1807 -> 1336,2140
1808 -> 1807
1809 -> 1808,2154
181 -> 76
1810 -> 376
1811 -> 1810
1812 -> 1811,2480
1813 -> 7
1814 -> 1815
1815 -> 1813
1816 -> 1818
1817 -> 1816
1818 -> 710
1819 -> 1821
182 -> 181
1820 -> 876
1821 -> 1820
1822 -> 1823
1823 -> 1824
1824 -> 1215
1825 -> 118
1826 -> 1825
1827 -> 1826
1828 -> 1829,2220
1829 -> 1830
183 -> 182,2960
1830 -> 408
1831 -> 1833
1832 -> 1831,2496
1833 -> 51
1834 -> 852
1835 -> 1834
1836 -> 1835
1837 -> 1839
1838 -> 1837
1839 -> 276
184 -> 185,2214,816
1840 -> 660
1841 -> 1840,2104
1842 -> 1841
1843 -> 778
1844 -> 1843
1845 -> 1844
1846 -> 756
1847 -> 1848
1848 -> 1846
1849 -> 1850
185 -> 45
1850 -> 822
1851 -> 1849
1852 -> 1854
1853 -> 143
1854 -> 1853
1855 -> 1857
1856 -> 1855
1857 -> 1017
1858 -> 604
1859 -> 1860
186 -> 184,2234,292
1860 -> 1858
1861 -> 1863,2395
1862 -> 1612
1863 -> 1862
1864 -> 1866,1883
1865 -> 1165
1866 -> 1865
1867 -> 911
1868 -> 1867
1869 -> 1868
187 -> 189,639
1870 -> 1871,2682
1871 -> 643
1872 -> 1870
1873 -> 1875
1874 -> 1873
1875 -> 2945,545
1876 -> 1878
1877 -> 2904,31
1878 -> 1877
1879 -> 58
188 -> 27
1880 -> 1881
1881 -> 1879
1882 -> 1864
1883 -> 1884
1884 -> 1882
1885 -> 1740,2032
1886 -> 1887
1887 -> 1885
1888 -> 1890
1889 -> 1615
189 -> 188,978
1890 -> 1889
1891 -> 1893
1892 -> 1696,2296
1893 -> 1892
1894 -> 1895
1895 -> 892
1896 -> 1894
1897 -> 1899
1898 -> 1897
1899 -> 2583,329
19 -> 1,253
190 -> 29
1900 -> 1901
1901 -> 1902
1902 -> 1293,1941
1903 -> 1905
1904 -> 673
1905 -> 1904
1906 -> 1908,2164
1907 -> 1906
1908 -> 1408
1909 -> 800
191 -> 192
1910 -> 1909
1911 -> 1910
1912 -> 1914,2554,2717
1913 -> 1912
1914 -> 1022,1971
1915 -> 1917
1916 -> 1915
1917 -> 1153
1918 -> 515
1919 -> 1918
192 -> 1190,190
1920 -> 1919,2168
1921 -> 1293
1922 -> 1923
1923 -> 1921,2702
1924 -> 695
1925 -> 1924
1926 -> 1925
1927 -> 1375,2426
1928 -> 1927
1929 -> 1928
193 -> 121,1263,537
1930 -> 1634
1931 -> 1930
1932 -> 1931,2257
1933 -> 1935
1934 -> 393
1935 -> 1934
1936 -> 1937
1937 -> 1618
1938 -> 1936
1939 -> 1940
194 -> 195
1940 -> 1902
1941 -> 1939
1942 -> 930
1943 -> 1942
1944 -> 1943
1945 -> 1946
1946 -> 1947
1947 -> 1360
1948 -> 996
1949 -> 1948
195 -> 193
1950 -> 1949
1951 -> 358
1952 -> 1953
1953 -> 1951
1954 -> 1956
1955 -> 1696
1956 -> 1955
1957 -> 341
1958 -> 1957
1959 -> 1958,2020
196 -> 115,413
1960 -> 1962
1961 -> 1403
1962 -> 1961
1963 -> 1964
1964 -> 1073
1965 -> 1963
1966 -> 445
1967 -> 1966
1968 -> 1967
1969 -> 1914
197 -> 198,347
1970 -> 1969
1971 -> 1970
1972 -> 158
1973 -> 1972
1974 -> 1973
1975 -> 1976
1976 -> 1447
1977 -> 1975
1978 -> 1533
1979 -> 1980
198 -> 1544,196,578
1980 -> 1978
1981 -> 1982
1982 -> 1263
1983 -> 1981
1984 -> 1986
1985 -> 571
1986 -> 1985
1987 -> 1989
1988 -> 363
1989 -> 1988
199 -> 200
1990 -> 1992
1991 -> 1607,2377
1992 -> 1991
1993 -> 1995
1994 -> 1993
1995 -> 1683
1996 -> 1071
1997 -> 1996
1998 -> 1997
1999 -> 244
2 -> 0,306,63
20 -> 21,2754,2808
200 -> 201,522,540,719
2000 -> 2001
2001 -> 1999
2002 -> 2004,2350
2003 -> 2002
2004 -> 308
2005 -> 2006,2178
2006 -> 504
2007 -> 2005
2008 -> 1712
2009 -> 2008,2151
201 -> 1450,318,32,482,915
2010 -> 2009
2011 -> 2012
2012 -> 2013,2979
2013 -> 1553
2014 -> 2015
2015 -> 834
2016 -> 2014
2017 -> 2019
2018 -> 2017
2019 -> 1663
202 -> 204
2020 -> 2022
2021 -> 1959
2022 -> 2021
2023 -> 2025
2024 -> 1386
2025 -> 2024
2026 -> 989
2027 -> 2026
2028 -> 2027
2029 -> 2030
203 -> 122,244,994
2030 -> 2031
2031 -> 1183
2032 -> 2034
2033 -> 1885
2034 -> 2033
2035 -> 275
2036 -> 2035
2037 -> 2036
2038 -> 205,2606
2039 -> 2038
204 -> 203,268
2040 -> 2039
2041 -> 1263
2042 -> 2041,2443
2043 -> 2042,2840
2044 -> 2046
2045 -> 756
2046 -> 2045
2047 -> 179
2048 -> 2047,2333
2049 -> 2048
205 -> 175,2040
2050 -> 2052,2699
2051 -> 2050
2052 -> 1258
2053 -> 2055
2054 -> 2053,2382
2055 -> 326
2056 -> 688
2057 -> 2056
2058 -> 2057
2059 -> 2061
206 -> 207
2060 -> 951
2061 -> 2060
2062 -> 2064,2913
2063 -> 638
2064 -> 2063
2065 -> 2067
2066 -> 2065
2067 -> 757
2068 -> 323
2069 -> 2070
207 -> 205,266
2070 -> 2068
2071 -> 2072,2262
2072 -> 2073
2073 -> 295
2074 -> 15,2674
2075 -> 2076,2819
2076 -> 2074
2077 -> 1677
2078 -> 2079
2079 -> 2077
208 -> 209,490
2080 -> 2082
2081 -> 398
2082 -> 2081
2083 -> 2084
2084 -> 2085
2085 -> 32
2086 -> 2088
2087 -> 1344,2847
2088 -> 2087
2089 -> 2091
209 -> 23,984
2090 -> 454
2091 -> 2090,2475
2092 -> 2094,2761
2093 -> 747
2094 -> 2093
2095 -> 2096
2096 -> 2097
2097 -> 2656,637
2098 -> 2099
2099 -> 404
21 -> 19,37
210 -> 1081,1111,208
2100 -> 2098
2101 -> 2103
2102 -> 911
2103 -> 2102
2104 -> 2105
2105 -> 2106
2106 -> 1841
2107 -> 2109,2553
2108 -> 2107
2109 -> 1724
211 -> 212,2159,2974
2110 -> 2111
2111 -> 2112,2458
2112 -> 493
2113 -> 2114
2114 -> 2115
2115 -> 1294
2116 -> 2118,2576
2117 -> 2116
2118 -> 147,2326
2119 -> 1758,2568
212 -> 102
2120 -> 2119
2121 -> 2120
2122 -> 1134
2123 -> 2122
2124 -> 2123
2125 -> 2127
2126 -> 349
2127 -> 2126
2128 -> 2130,2625
2129 -> 2128
213 -> 211,595
2130 -> 139
2131 -> 2132
2132 -> 2133
2133 -> 1442
2134 -> 2136
2135 -> 2134
2136 -> 1690
2137 -> 2139
2138 -> 168
2139 -> 2138
214 -> 215,872
2140 -> 2141
2141 -> 2142
2142 -> 1807
2143 -> 276
2144 -> 2145
2145 -> 2143
2146 -> 2147,2646
2147 -> 30
2148 -> 2146
2149 -> 2150
215 -> 216
2150 -> 2009
2151 -> 2149
2152 -> 1809
2153 -> 2152
2154 -> 2153
2155 -> 2156
2156 -> 478
2157 -> 2155
2158 -> 211,2955
2159 -> 2160
216 -> 56,647
2160 -> 2158
2161 -> 1593
2162 -> 2163
2163 -> 2161
2164 -> 2165
2165 -> 2166
2166 -> 1906
2167 -> 1920
2168 -> 2169
2169 -> 2167
217 -> 107,2924
2170 -> 1790,2559
2171 -> 2172
2172 -> 2170
2173 -> 2174
2174 -> 1509
2175 -> 2173
2176 -> 2177
2177 -> 2005
2178 -> 2176
2179 -> 2180
218 -> 217,338
2180 -> 2181
2181 -> 1096
2182 -> 2184
2183 -> 2182,2441
2184 -> 1274
2185 -> 1483
2186 -> 2187
2187 -> 2185
2188 -> 2190
2189 -> 532
219 -> 218,248,754
2190 -> 2189
2191 -> 2193
2192 -> 1021
2193 -> 2192
2194 -> 1342
2195 -> 2194
2196 -> 2195
2197 -> 2198
2198 -> 2466,889
2199 -> 2197
22 -> 1187,23
220 -> 1700,222,771
2200 -> 2201
2201 -> 1239
2202 -> 2200
2203 -> 2205
2204 -> 2203
2205 -> 1036
2206 -> 2733,444
2207 -> 2208
2208 -> 2206
2209 -> 2211
221 -> 220,351,433
2210 -> 2209
2211 -> 252
2212 -> 2213
2213 -> 184
2214 -> 2212
2215 -> 1004
2216 -> 2215
2217 -> 2216,2337,2747
2218 -> 2219
2219 -> 1828
222 -> 1200,1203,48,546
2220 -> 2218
2221 -> 2222
2222 -> 2223
2223 -> 24
2224 -> 2226
2225 -> 1066
2226 -> 2225
2227 -> 2229
2228 -> 2227
2229 -> 1203
223 -> 1578,225,379
2230 -> 2231
2231 -> 1058
2232 -> 2230
2233 -> 186
2234 -> 2235
2235 -> 2233
2236 -> 2238
2237 -> 1337
2238 -> 2237
2239 -> 2241
224 -> 223,489,510
2240 -> 2239
2241 -> 1555
2242 -> 2243
2243 -> 2244
2244 -> 1469
2245 -> 2246
2246 -> 2247
2247 -> 1361
2248 -> 176
2249 -> 2250
225 -> 50
2250 -> 2248,2851
2251 -> 2252
2252 -> 2900,48
2253 -> 2251
2254 -> 2255
2255 -> 2256
2256 -> 1005
2257 -> 2259
2258 -> 1932
2259 -> 2258
226 -> 228
2260 -> 2261
2261 -> 2071
2262 -> 2260
2263 -> 2265
2264 -> 1342
2265 -> 2264
2266 -> 2268
2267 -> 1542
2268 -> 2267
2269 -> 2270
227 -> 85
2270 -> 239
2271 -> 2269
2272 -> 2274,2405
2273 -> 1223
2274 -> 2273
2275 -> 2277
2276 -> 2275
2277 -> 787
2278 -> 2280
2279 -> 1474
228 -> 227,332
2280 -> 2279
2281 -> 778
2282 -> 2283
2283 -> 2281
2284 -> 2285
2285 -> 2286
2286 -> 1284
2287 -> 1243
2288 -> 2289
2289 -> 2287
229 -> 72
2290 -> 1330
2291 -> 2290
2292 -> 2291
2293 -> 764
2294 -> 2293
2295 -> 2294
2296 -> 2297
2297 -> 2298
2298 -> 1892
2299 -> 2301
23 -> 114,169,210,258,803,9
230 -> 229,787
2300 -> 2299
2301 -> 1281
2302 -> 110
2303 -> 2304
2304 -> 2302
2305 -> 2306
2306 -> 2307
2307 -> 1215
2308 -> 2310
2309 -> 2308
231 -> 230,682
2310 -> 1440
2311 -> 2313
2312 -> 2311
2313 -> 925
2314 -> 2315
2315 -> 585
2316 -> 2314
2317 -> 2318
2318 -> 497
2319 -> 2317
232 -> 234,612
2320 -> 2322
2321 -> 2320
2322 -> 1355
2323 -> 2324
2324 -> 409
2325 -> 2323
2326 -> 2328
2327 -> 2118
2328 -> 2327
2329 -> 2331
233 -> 55
2330 -> 2329,2383
2331 -> 818
2332 -> 2334
2333 -> 2332
2334 -> 2048
2335 -> 2217
2336 -> 2335
2337 -> 2336
2338 -> 2340,2414
2339 -> 2338
234 -> 233,778
2340 -> 1646
2341 -> 2342
2342 -> 1090
2343 -> 2341
2344 -> 2345
2345 -> 736
2346 -> 2344
2347 -> 511
2348 -> 2349
2349 -> 2347,2420
235 -> 685,71
2350 -> 2352
2351 -> 2002
2352 -> 2351
2353 -> 2355
2354 -> 1370
2355 -> 2354
2356 -> 2358
2357 -> 2356
2358 -> 1762
2359 -> 2361
236 -> 237,2988
2360 -> 1052,2390
2361 -> 2360,2860
2362 -> 2363,2490
2363 -> 2364
2364 -> 1081
2365 -> 2366
2366 -> 2367
2367 -> 467
2368 -> 2369
2369 -> 2370,2743
237 -> 235,359
2370 -> 1064
2371 -> 843
2372 -> 2373
2373 -> 2371
2374 -> 2376
2375 -> 2374
2376 -> 1132
2377 -> 2379
2378 -> 1991
2379 -> 2378
238 -> 240
2380 -> 2381
2381 -> 2054
2382 -> 2380
2383 -> 2384
2384 -> 2385
2385 -> 2330
2386 -> 2388
2387 -> 2386
2388 -> 886
2389 -> 2391
239 -> 2271,2765,297,46
2390 -> 2389
2391 -> 2360
2392 -> 2393
2393 -> 605
2394 -> 2392,2910
2395 -> 2397
2396 -> 1861
2397 -> 2396
2398 -> 735
2399 -> 2400
24 -> 22,2221,41
240 -> 239,298
2400 -> 2398
2401 -> 2403
2402 -> 2401
2403 -> 474
2404 -> 2272
2405 -> 2406
2406 -> 2404
2407 -> 2409
2408 -> 381
2409 -> 2408
241 -> 243,758
2410 -> 2411
2411 -> 2412
2412 -> 1603
2413 -> 2415
2414 -> 2413
2415 -> 2338
2416 -> 2418
2417 -> 163
2418 -> 2417
2419 -> 2421
242 -> 172,2857,541
2420 -> 2419
2421 -> 2349
2422 -> 2424
2423 -> 2422
2424 -> 1082
2425 -> 1927
2426 -> 2427,2873
2427 -> 2425
2428 -> 2429
2429 -> 2430
243 -> 242
2430 -> 885
2431 -> 1638
2432 -> 2433
2433 -> 2431
2434 -> 2436
2435 -> 2434
2436 -> 409
2437 -> 563
2438 -> 2439
2439 -> 2437
244 -> 1184,2000,245,2789,765
2440 -> 2183
2441 -> 2442
2442 -> 2440
2443 -> 2445
2444 -> 2042
2445 -> 2444
2446 -> 2447
2447 -> 318
2448 -> 2446
2449 -> 1502
245 -> 246
2450 -> 2451
2451 -> 2449
2452 -> 2454
2453 -> 2452
2454 -> 1654
2455 -> 2456
2456 -> 2457
2457 -> 257
2458 -> 2459
2459 -> 2460
246 -> 203
2460 -> 2111
2461 -> 350
2462 -> 2461
2463 -> 2462
2464 -> 2465
2465 -> 2198
2466 -> 2464
2467 -> 626
2468 -> 2469
2469 -> 2467
247 -> 219
2470 -> 2472
2471 -> 2470
2472 -> 955
2473 -> 2091
2474 -> 2473
2475 -> 2474
2476 -> 1402
2477 -> 2478
2478 -> 2476
2479 -> 1812
248 -> 249
2480 -> 2481,2863
2481 -> 2479
2482 -> 2483
2483 -> 2484
2484 -> 942
2485 -> 2487
2486 -> 1791
2487 -> 2486
2488 -> 2489
2489 -> 2362
249 -> 247,378
2490 -> 2488
2491 -> 2492
2492 -> 2493
2493 -> 55
2494 -> 2495
2495 -> 1832
2496 -> 2494
2497 -> 2498
2498 -> 1720
2499 -> 2497
25 -> 1085,27,690
250 -> 1540,252,717
2500 -> 2501
2501 -> 2502
2502 -> 505
2503 -> 2505
2504 -> 733
2505 -> 2504
2506 -> 1446,2889
2507 -> 2508
2508 -> 2506
2509 -> 2511
251 -> 135
2510 -> 2509
2511 -> 885
2512 -> 2514
2513 -> 561
2514 -> 2513
2515 -> 2517
2516 -> 617
2517 -> 2516
2518 -> 754
2519 -> 2518
252 -> 2210,251
2520 -> 2519
2521 -> 2522
2522 -> 2523
2523 -> 969
2524 -> 268
2525 -> 2524
2526 -> 2525
2527 -> 2529
2528 -> 1227
2529 -> 2528
253 -> 254,301,766
2530 -> 2531
2531 -> 1009
2532 -> 2530
2533 -> 2534,2984
2534 -> 652
2535 -> 2533
2536 -> 2905,563
2537 -> 2536
2538 -> 2537
2539 -> 2540
254 -> 255
2540 -> 2541
2541 -> 42
2542 -> 2544
2543 -> 581
2544 -> 2543
2545 -> 2547
2546 -> 1244
2547 -> 2546
2548 -> 2549
2549 -> 2550
255 -> 19,308
2550 -> 1569
2551 -> 2552
2552 -> 2107
2553 -> 2551
2554 -> 2556
2555 -> 1912,2683
2556 -> 2555
2557 -> 2558
2558 -> 2170,2982
2559 -> 2557
256 -> 23
2560 -> 2561
2561 -> 317
2562 -> 2560
2563 -> 2565
2564 -> 2563
2565 -> 628
2566 -> 2567
2567 -> 2119
2568 -> 2566
2569 -> 2571
257 -> 2455,256
2570 -> 2569
2571 -> 643
2572 -> 515
2573 -> 2574
2574 -> 2572
2575 -> 2577
2576 -> 2575
2577 -> 2116
2578 -> 1092
2579 -> 2578
258 -> 257
2580 -> 2579
2581 -> 1899,2868
2582 -> 2581
2583 -> 2582
2584 -> 2585
2585 -> 1040
2586 -> 2584
2587 -> 1467
2588 -> 2587
2589 -> 2588
259 -> 2800,87
2590 -> 2592
2591 -> 1482
2592 -> 2591
2593 -> 1291
2594 -> 2595
2595 -> 2593
2596 -> 2598
2597 -> 2596
2598 -> 158
2599 -> 2600
26 -> 25
260 -> 261
2600 -> 883
2601 -> 2599
2602 -> 1570
2603 -> 2604
2604 -> 2602
2605 -> 2038
2606 -> 2607
2607 -> 2605
2608 -> 2610
2609 -> 2608
261 -> 259,785
2610 -> 685
2611 -> 394
2612 -> 2613
2613 -> 2611
2614 -> 1073
2615 -> 2614
2616 -> 2615
2617 -> 116
2618 -> 2619
2619 -> 2617
262 -> 263
2620 -> 568
2621 -> 2622
2622 -> 2620
2623 -> 2128
2624 -> 2623
2625 -> 2624
2626 -> 2628
2627 -> 2626
2628 -> 1523
2629 -> 2631
263 -> 136
2630 -> 805
2631 -> 2630
2632 -> 2633
2633 -> 2634
2634 -> 1699
2635 -> 1213
2636 -> 2635
2637 -> 2636
2638 -> 2640
2639 -> 1256
264 -> 262
2640 -> 2639
2641 -> 2643
2642 -> 2641
2643 -> 972
2644 -> 2146
2645 -> 2644
2646 -> 2645
2647 -> 2648
2648 -> 2649
2649 -> 129
265 -> 267,423
2650 -> 2652
2651 -> 591
2652 -> 2651
2653 -> 2655
2654 -> 2653
2655 -> 307
2656 -> 2657
2657 -> 2658
2658 -> 2097
2659 -> 648
266 -> 265
2660 -> 2659
2661 -> 2660
2662 -> 637
2663 -> 2664
2664 -> 2662
2665 -> 1743
2666 -> 2665
2667 -> 2666
2668 -> 2669
2669 -> 1362
267 -> 207
2670 -> 2668
2671 -> 2672
2672 -> 2673
2673 -> 2778,996
2674 -> 2675
2675 -> 2676
2676 -> 2074
2677 -> 2679
2678 -> 154
2679 -> 2678
268 -> 2526,270,627
2680 -> 1870
2681 -> 2680
2682 -> 2681
2683 -> 2684
2684 -> 2685
2685 -> 2555
2686 -> 2688
2687 -> 821
2688 -> 2687
2689 -> 2690
269 -> 204
2690 -> 1224
2691 -> 2689
2692 -> 287
2693 -> 2692
2694 -> 2693
2695 -> 1327,2811
2696 -> 2695
2697 -> 2696
2698 -> 2050
2699 -> 2700
27 -> 11,187
270 -> 1749,269,742
2700 -> 2698
2701 -> 1923
2702 -> 2703
2703 -> 2701
2704 -> 2705
2705 -> 877
2706 -> 2704
2707 -> 2708
2708 -> 1240
2709 -> 2707
271 -> 70
2710 -> 2711
2711 -> 910
2712 -> 2710
2713 -> 566
2714 -> 2713
2715 -> 2714
2716 -> 2718
2717 -> 2716
2718 -> 1912
2719 -> 2721
272 -> 1097,1495,273
2720 -> 1485
2721 -> 2720
2722 -> 2724
2723 -> 2722
2724 -> 630
2725 -> 2726
2726 -> 709
2727 -> 2725
2728 -> 2729,2881
2729 -> 2730
273 -> 271
2730 -> 709
2731 -> 2206
2732 -> 2731
2733 -> 2732
2734 -> 2735
2735 -> 2736
2736 -> 1225
2737 -> 415
2738 -> 2737
2739 -> 2738
274 -> 276
2740 -> 2742
2741 -> 544
2742 -> 2741
2743 -> 2744
2744 -> 2745
2745 -> 2369
2746 -> 2748
2747 -> 2746
2748 -> 2217
2749 -> 886
275 -> 2037,585,81
2750 -> 2751
2751 -> 2749
2752 -> 20
2753 -> 2752
2754 -> 2753
2755 -> 2757
2756 -> 437
2757 -> 2756
2758 -> 2760
2759 -> 2758
276 -> 1838,2144,275
2760 -> 721
2761 -> 2763
2762 -> 2092
2763 -> 2762
2764 -> 239
2765 -> 2766,2951
2766 -> 2764
2767 -> 370
2768 -> 2769
2769 -> 2767
277 -> 279
2770 -> 2772
2771 -> 2770
2772 -> 333
2773 -> 2775
2774 -> 2773
2775 -> 681
2776 -> 2673
2777 -> 2776
2778 -> 2777
2779 -> 177,2876
278 -> 277,818
2780 -> 2781
2781 -> 2779
2782 -> 2783
2783 -> 1527
2784 -> 2782
2785 -> 2787
2786 -> 2785
2787 -> 1483
2788 -> 244
2789 -> 2790
279 -> 173
2790 -> 2788
2791 -> 620
2792 -> 2793
2793 -> 2791
2794 -> 1741
2795 -> 2796
2796 -> 2794
2797 -> 2798
2798 -> 1518
2799 -> 2797
28 -> 1584,17,180
280 -> 111
2800 -> 2801
2801 -> 2802
2802 -> 259
2803 -> 2805
2804 -> 2803
2805 -> 1160
2806 -> 2807
2807 -> 20
2808 -> 2806
2809 -> 2810
281 -> 280,448
2810 -> 2695
2811 -> 2809
2812 -> 1566,2992
2813 -> 2814
2814 -> 2812
2815 -> 2817
2816 -> 2815,2879
2817 -> 1420
2818 -> 2075
2819 -> 2820
282 -> 281
2820 -> 2818
2821 -> 730
2822 -> 2821
2823 -> 2822
2824 -> 2825
2825 -> 1649
2826 -> 2824
2827 -> 2828
2828 -> 782
2829 -> 2827
283 -> 285,466
2830 -> 1194
2831 -> 2830
2832 -> 2831
2833 -> 2835
2834 -> 2833
2835 -> 1066
2836 -> 2837
2837 -> 2838
2838 -> 740
2839 -> 2043
284 -> 283
2840 -> 2841
2841 -> 2839
2842 -> 2843
2843 -> 1540
2844 -> 2842
2845 -> 2846
2846 -> 2087
2847 -> 2845
2848 -> 2850
2849 -> 656
285 -> 165
2850 -> 2849
2851 -> 2852
2852 -> 2853
2853 -> 2250
2854 -> 450
2855 -> 2856
2856 -> 2854
2857 -> 2859
2858 -> 242
2859 -> 2858
286 -> 287
2860 -> 2861
2861 -> 2862
2862 -> 2361,2930
2863 -> 2865
2864 -> 2480
2865 -> 2864
2866 -> 2581
2867 -> 2866
2868 -> 2867
2869 -> 495
287 -> 2694,288
2870 -> 2869
2871 -> 2870
2872 -> 2426
2873 -> 2874
2874 -> 2872
2875 -> 2779
2876 -> 2877
2877 -> 2875
2878 -> 2816
2879 -> 2880
288 -> 107,1412
2880 -> 2878
2881 -> 2883
2882 -> 2728
2883 -> 2882
2884 -> 736
2885 -> 2886
2886 -> 2884
2887 -> 2888
2888 -> 2506
2889 -> 2887
289 -> 1473,290
2890 -> 2892
2891 -> 2890
2892 -> 1331
2893 -> 2894
2894 -> 2895
2895 -> 872
2896 -> 2898
2897 -> 2896
2898 -> 478
2899 -> 2252
29 -> 191,30,45
290 -> 291
2900 -> 2901
2901 -> 2899
2902 -> 2903
2903 -> 1877
2904 -> 2902
2905 -> 2907
2906 -> 2536
2907 -> 2906
2908 -> 2394
2909 -> 2908
291 -> 47
2910 -> 2909
2911 -> 2062
2912 -> 2911
2913 -> 2912
2914 -> 2916
2915 -> 461
2916 -> 2915
2917 -> 1434
2918 -> 2917
2919 -> 2918
292 -> 1048,294
2920 -> 2922
2921 -> 1255
2922 -> 2921
2923 -> 217
2924 -> 2925
2925 -> 2923
2926 -> 2928
2927 -> 1191
2928 -> 2927
2929 -> 2862
293 -> 186
2930 -> 2931
2931 -> 2929
2932 -> 2934
2933 -> 2932
2934 -> 965
2935 -> 2937
2936 -> 2935
2937 -> 1049
2938 -> 2939
2939 -> 414
294 -> 293
2940 -> 2938
2941 -> 787
2942 -> 2943
2943 -> 2941
2944 -> 2946
2945 -> 2944
2946 -> 1875
2947 -> 2948
2948 -> 511
2949 -> 2947
295 -> 2071,239,705
2950 -> 2952
2951 -> 2950
2952 -> 2765
2953 -> 2954
2954 -> 2158
2955 -> 2953
2956 -> 2958
2957 -> 926
2958 -> 2957
2959 -> 2961
296 -> 295,363
2960 -> 2959
2961 -> 183
2962 -> 1755
2963 -> 2962
2964 -> 2963
2965 -> 2967
2966 -> 409
2967 -> 2966
2968 -> 2969
2969 -> 10
297 -> 296
2970 -> 2968
2971 -> 1702
2972 -> 2971
2973 -> 2972
2974 -> 2975
2975 -> 2976
2976 -> 211
2977 -> 2978
2978 -> 2012
2979 -> 2977
298 -> 1530,300
2980 -> 2558
2981 -> 2980
2982 -> 2981
2983 -> 2985
2984 -> 2983
2985 -> 2533
2986 -> 236
2987 -> 2986
2988 -> 2987
2989 -> 2991
299 -> 240,394
2990 -> 2989
2991 -> 1497
2992 -> 2993
2993 -> 2994
2994 -> 2812
2995 -> 2996
2996 -> 1713
2997 -> 2995
2998 -> 1021
2999 -> 3000
3 -> 150,2,5
30 -> 1644,2148,28,671
300 -> 299
3000 -> 2998
301 -> 303
302 -> 253
303 -> 302
304 -> 305
305 -> 2,613
306 -> 304,391
307 -> 2654,309
308 -> 2003,307
309 -> 255,345
31 -> 1042,1876,33
310 -> 311
311 -> 312
312 -> 85
313 -> 127
314 -> 315
315 -> 313
316 -> 1278,317,946
317 -> 201,2562,697
318 -> 2448,316,586,964
319 -> 137
32 -> 199,2083,31,50
320 -> 1030,319,791
321 -> 320
322 -> 323
323 -> 128,2069,897
324 -> 322
325 -> 327
326 -> 1491,2054,325
327 -> 34,706
328 -> 330
329 -> 111,1898
33 -> 0
330 -> 329
331 -> 333
332 -> 331
333 -> 1148,228,2771
334 -> 335
335 -> 79
336 -> 334,662
337 -> 218
338 -> 339
339 -> 337,850
34 -> 10,326
340 -> 67
341 -> 1959,342
342 -> 340
343 -> 309
344 -> 343
345 -> 344,439,516
346 -> 1207,197,477
347 -> 348
348 -> 346
349 -> 2125,221
35 -> 36
350 -> 2463,349
351 -> 350,390
352 -> 354,471,568
353 -> 352
354 -> 117
355 -> 1478,356
356 -> 357,640
357 -> 92
358 -> 1952,237,635
359 -> 360,419
36 -> 1772,34
360 -> 358
361 -> 1062,296,709
362 -> 361,404
363 -> 1987,362,417
364 -> 1161,366
365 -> 364,408
366 -> 58,911
367 -> 1386,369
368 -> 367,618
369 -> 174
37 -> 38,459,58
370 -> 1037,120,2768
371 -> 370
372 -> 371
373 -> 151,691
374 -> 373
375 -> 1350,374,455
376 -> 1812,377
377 -> 249
378 -> 376
379 -> 381
38 -> 39
380 -> 223
381 -> 2407,380
382 -> 384
383 -> 382
384 -> 108
385 -> 55,813
386 -> 385
387 -> 386
388 -> 389
389 -> 1045,1652,351
39 -> 21,431
390 -> 388
391 -> 392
392 -> 393,745
393 -> 1933,306,794
394 -> 2612,395
395 -> 396
396 -> 299
397 -> 399
398 -> 2080,45
399 -> 398,725
4 -> 6
40 -> 24,47
400 -> 401
401 -> 402
402 -> 1135,99
403 -> 362,731
404 -> 2100,405
405 -> 403
406 -> 407,556
407 -> 365
408 -> 1828,406,601,748
409 -> 117,1662,2325,2435,2965,841
41 -> 42
410 -> 411,473
411 -> 409
412 -> 196
413 -> 414
414 -> 2940,412
415 -> 2739,416,504
416 -> 363,821
417 -> 415
418 -> 359
419 -> 1039,420
42 -> 2539,40,553
420 -> 418,926
421 -> 422
422 -> 1122,1680,265
423 -> 421,591,882
424 -> 1366,426
425 -> 424
426 -> 135
427 -> 43,599
428 -> 429
429 -> 1488,427
43 -> 428,44,496
430 -> 39
431 -> 432
432 -> 430
433 -> 435
434 -> 221
435 -> 434,567
436 -> 9
437 -> 2755,438,517
438 -> 436
439 -> 441
44 -> 162,29,81
440 -> 345
441 -> 440
442 -> 443,654
443 -> 444
444 -> 155,2207
445 -> 1968,446
446 -> 111,1649
447 -> 445,573
448 -> 449,494
449 -> 450,735
45 -> 1003,186,397,43
450 -> 281,2855
451 -> 452
452 -> 453
453 -> 10
454 -> 2089,456
455 -> 454,721
456 -> 1014,1705,375,963
457 -> 37
458 -> 457
459 -> 458,484
46 -> 1761,238,48,500
460 -> 93
461 -> 2914,460
462 -> 461
463 -> 60
464 -> 465
465 -> 463
466 -> 1436,468
467 -> 2365,283
468 -> 467
469 -> 352
47 -> 289,46
470 -> 469
471 -> 470
472 -> 1129,474,906
473 -> 1360,472
474 -> 2402,410
475 -> 346
476 -> 475
477 -> 476
478 -> 2157,2897,479
479 -> 480
48 -> 221,2253,40
480 -> 129
481 -> 1464,483
482 -> 1307,481,827
483 -> 201
484 -> 485
485 -> 486,528
486 -> 459,809
487 -> 1319,1647,224,552,923
488 -> 487
489 -> 488
49 -> 32,94
490 -> 1427,491
491 -> 1204,492
492 -> 208
493 -> 2110,448
494 -> 495,902,952
495 -> 2871,493
496 -> 498
497 -> 2319,43,951
498 -> 497,533
499 -> 501
5 -> 4,592,9
50 -> 224,51,70,939
500 -> 499
501 -> 46
502 -> 415,921
503 -> 502
504 -> 1752,2007,503
505 -> 2500,506,944
506 -> 507
507 -> 908,93
508 -> 509,582
509 -> 224,512
51 -> 110,1832,49
510 -> 508
511 -> 2348,2949,509
512 -> 1687,513,801
513 -> 511
514 -> 345
515 -> 1920,2573,514,858
516 -> 515
517 -> 518
518 -> 519
519 -> 437
52 -> 53
520 -> 521
521 -> 1599,200
522 -> 520
523 -> 525
524 -> 14
525 -> 1525,524
526 -> 527
527 -> 485
528 -> 1601,526
529 -> 531
53 -> 101,54,65,82,91
530 -> 68
531 -> 530
532 -> 2188,498
533 -> 534
534 -> 532
535 -> 1787,193
536 -> 535
537 -> 536
538 -> 539
539 -> 1720,200,974
54 -> 1221,68,8,89
540 -> 538
541 -> 543
542 -> 242,830
543 -> 542
544 -> 222,2740
545 -> 1874,544
546 -> 545
547 -> 549
548 -> 105
549 -> 1016,548
55 -> 16,232,2491,387
550 -> 487
551 -> 550
552 -> 551
553 -> 554
554 -> 555
555 -> 42
556 -> 557
557 -> 558
558 -> 406,934
559 -> 560
56 -> 1608,214,57,665
560 -> 106
561 -> 2512,559
562 -> 564
563 -> 143,2438,2538
564 -> 563,942
565 -> 566
566 -> 2715,435,844
567 -> 565
568 -> 2621,569,998
569 -> 570
57 -> 1237,55
570 -> 1447,352
571 -> 1984,447
572 -> 571
573 -> 1331,572,695
574 -> 1233,575
575 -> 576
576 -> 96
577 -> 579
578 -> 577
579 -> 198
58 -> 1880,365,59
580 -> 581,917
581 -> 2542,508
582 -> 580
583 -> 275
584 -> 583,834
585 -> 2316,584
586 -> 587
587 -> 1179,588
588 -> 318,668
589 -> 590
59 -> 151,60
590 -> 423
591 -> 2650,589
592 -> 594
593 -> 5,681
594 -> 1566,593
595 -> 596
596 -> 597
597 -> 213
598 -> 1575,600
599 -> 598,971
6 -> 11,13,3,98
60 -> 37,464
600 -> 427
601 -> 1352,602
602 -> 603,981
603 -> 1586,408
604 -> 1859,605
605 -> 1180,2394,79
606 -> 604
607 -> 609
608 -> 70
609 -> 608
61 -> 1338,62
610 -> 232,796
611 -> 610
612 -> 611,676
613 -> 614
614 -> 615
615 -> 305
616 -> 368
617 -> 1100,2515,616
618 -> 617
619 -> 861,93
62 -> 2
620 -> 2792,621
621 -> 619
622 -> 623
623 -> 624
624 -> 1
625 -> 1021,626
626 -> 2468,268
627 -> 1166,625
628 -> 2564,630,659
629 -> 628
63 -> 61
630 -> 1461,173,2723
631 -> 1245,649,84
632 -> 631
633 -> 632
634 -> 636
635 -> 634
636 -> 358
637 -> 1066,187,2095,2663
638 -> 2062,637
639 -> 638
64 -> 66
640 -> 1064,641
641 -> 642
642 -> 1340,356
643 -> 1118,1872,2570,645
644 -> 14
645 -> 1378,644
646 -> 216
647 -> 648,700
648 -> 2661,646,762
649 -> 651
65 -> 1625,164,64
650 -> 631
651 -> 650
652 -> 1126,2535,442
653 -> 652
654 -> 1196,653
655 -> 657
656 -> 2848,837,85
657 -> 656
658 -> 628
659 -> 660
66 -> 53,87
660 -> 1842,658
661 -> 663
662 -> 661
663 -> 336
664 -> 666,958
665 -> 664
666 -> 56
667 -> 669
668 -> 1549,667
669 -> 588
67 -> 135,341,69
670 -> 1782,30
671 -> 1217,672
672 -> 1443,670
673 -> 100,1903
674 -> 673,956
675 -> 674
676 -> 678
677 -> 612
678 -> 1289,1327,677
679 -> 1611,593
68 -> 529,67
680 -> 679,931
681 -> 2774,680
682 -> 684,877
683 -> 231
684 -> 683
685 -> 2609,687
686 -> 235
687 -> 686
688 -> 1419,2058,25
689 -> 1002,688
69 -> 54
690 -> 689
691 -> 692
692 -> 1035,693,891
693 -> 373
694 -> 573
695 -> 1333,1728,1926,696
696 -> 1429,694
697 -> 698
698 -> 699
699 -> 317
7 -> 131,1814,8,898
70 -> 272,607,72
700 -> 701
701 -> 702
702 -> 1432,647
703 -> 704
704 -> 295
705 -> 703
706 -> 1236,707
707 -> 1163,708
708 -> 327
709 -> 2727,2728,711
71 -> 236,50
710 -> 1107,1817,361
711 -> 710
712 -> 714
713 -> 14,862
714 -> 713
715 -> 250
716 -> 715
717 -> 1298,716
718 -> 200
719 -> 1072,720
72 -> 231,71
720 -> 718
721 -> 2759,722
722 -> 723
723 -> 455,736,986
724 -> 726
725 -> 724
726 -> 399
727 -> 1465,728
728 -> 729
729 -> 1665,18
73 -> 74
730 -> 2823,403,772
731 -> 732
732 -> 730
733 -> 2503,449
734 -> 1531,733
735 -> 1321,2399,734
736 -> 2346,2885,738
737 -> 723
738 -> 737
739 -> 109,1249
74 -> 10
740 -> 2836,741
741 -> 1715,739
742 -> 743
743 -> 744
744 -> 270,776
745 -> 746
746 -> 747
747 -> 2092,392,825
748 -> 1274,750
749 -> 408
75 -> 147,73
750 -> 749
751 -> 753
752 -> 751
753 -> 130
754 -> 2520,756
755 -> 219
756 -> 1847,2044,755
757 -> 2066,759
758 -> 757,855
759 -> 1791,241
76 -> 1,183
760 -> 761
761 -> 648
762 -> 1102,760
763 -> 244
764 -> 2295,763
765 -> 764
766 -> 1401,767,892
767 -> 768
768 -> 253
769 -> 770
77 -> 108,76
770 -> 220
771 -> 769
772 -> 773
773 -> 1799,774
774 -> 730
775 -> 744
776 -> 777,870
777 -> 1011,775
778 -> 1845,2282,779
779 -> 780
78 -> 77
780 -> 234
781 -> 782
782 -> 1659,2829,783
783 -> 1070,84
784 -> 786
785 -> 784,806
786 -> 261
787 -> 2276,2942,789
788 -> 1312,230
789 -> 788,875
79 -> 1143,336,606,80
790 -> 792
791 -> 1667,790
792 -> 1242,320
793 -> 795
794 -> 793
795 -> 393
796 -> 798
797 -> 610
798 -> 797
799 -> 512
8 -> 1168,119,17,5,52
80 -> 44
800 -> 1911,799
801 -> 800,840
802 -> 23
803 -> 804
804 -> 802
805 -> 2629,807
806 -> 1677,805
807 -> 785
808 -> 810
809 -> 808
81 -> 274,79
810 -> 486
811 -> 1051,812
812 -> 385
813 -> 811
814 -> 184
815 -> 814
816 -> 815
817 -> 278
818 -> 2330,819
819 -> 817
82 -> 84
820 -> 1347,822
821 -> 2686,820
822 -> 1537,1851,416
823 -> 824
824 -> 747
825 -> 823
826 -> 828
827 -> 1303,826
828 -> 482
829 -> 542
83 -> 53
830 -> 831
831 -> 829
832 -> 833
833 -> 584
834 -> 2016,832
835 -> 836
836 -> 656
837 -> 835
838 -> 801
839 -> 838
84 -> 633,781,83
840 -> 839
841 -> 1279,842
842 -> 843
843 -> 2372,409
844 -> 845
845 -> 846
846 -> 566
847 -> 848
848 -> 1638,174
849 -> 847
85 -> 226,310,655,66
850 -> 1077,851
851 -> 852
852 -> 1733,1836,339
853 -> 854
854 -> 758
855 -> 1171,853
856 -> 857
857 -> 1019,515
858 -> 856
859 -> 619
86 -> 139,85,866
860 -> 859
861 -> 860
862 -> 864
863 -> 1372,713
864 -> 1094,863
865 -> 867
866 -> 865
867 -> 86
868 -> 1369,776
869 -> 868
87 -> 260,86
870 -> 869
871 -> 873,884
872 -> 2893,871
873 -> 214
874 -> 876
875 -> 874
876 -> 1819,789
877 -> 2706,878
878 -> 879
879 -> 682
88 -> 90
880 -> 1534,881
881 -> 423
882 -> 880
883 -> 1215,2601,871
884 -> 885
885 -> 1674,2428,2510,883
886 -> 1403,1640,170,2387,2750
887 -> 886
888 -> 1570,887
889 -> 2199,692
89 -> 142,1681,88
890 -> 889
891 -> 890
892 -> 1896,893
893 -> 894
894 -> 1552,766
895 -> 323
896 -> 895
897 -> 896
898 -> 899
899 -> 900
9 -> 24,437,7
90 -> 54
900 -> 7
901 -> 903
902 -> 901
903 -> 494
904 -> 472
905 -> 1080,904
906 -> 905
907 -> 507,993
908 -> 909
909 -> 1054,907
91 -> 93
910 -> 2712,912
911 -> 1869,2101,910
912 -> 366
913 -> 914
914 -> 201
915 -> 913
916 -> 918
917 -> 916
918 -> 580
919 -> 502
92 -> 1123,355,53
920 -> 919
921 -> 920
922 -> 924
923 -> 922
924 -> 487
925 -> 2312,927
926 -> 1254,2956,925
927 -> 420
928 -> 143
929 -> 930
93 -> 462,505,620,92
930 -> 1944,928
931 -> 933
932 -> 680
933 -> 932
934 -> 935
935 -> 936
936 -> 558
937 -> 50
938 -> 937
939 -> 938
94 -> 95
940 -> 941
941 -> 1794,564
942 -> 2482,940
943 -> 945
944 -> 943
945 -> 505
946 -> 947
947 -> 948
948 -> 316
949 -> 1026,497
95 -> 96
950 -> 1632,949
951 -> 2059,950
952 -> 1469,1745,954
953 -> 494
954 -> 953
955 -> 2471,957
956 -> 955
957 -> 674
958 -> 960
959 -> 664
96 -> 49,574
960 -> 959
961 -> 456
962 -> 961
963 -> 1090,962
964 -> 966
965 -> 2933,318
966 -> 965
967 -> 113
968 -> 1579,967
969 -> 2521,968
97 -> 6
970 -> 972
971 -> 970
972 -> 2642,599
973 -> 975
974 -> 973
975 -> 539
976 -> 977
977 -> 189
978 -> 1730,976
979 -> 602
98 -> 99
980 -> 979
981 -> 980
982 -> 983
983 -> 209
984 -> 982
985 -> 987
986 -> 985
987 -> 723
988 -> 989
989 -> 2028,990
99 -> 400,97
990 -> 153
991 -> 992
992 -> 1286,907
993 -> 991
994 -> 996
995 -> 203
996 -> 1950,2671,995
997 -> 568
998 -> 999
999 -> 997
